00000000000000000000
00000000000000000000
00000000000000000000
00000000000000000000
00000000000000000000
00000000000000000000
00000000000000010010
00000000000000000001
00000000000000010001
00000000000000001111
00000000000000000000
00000000000000000000
00000000000000000000
00000000000011000000
00000000000011000000
00000000000000000000
00000000000000010010
00000000000011010001
00000000000011001111
00000000000000000001
Красивый цветочек:
00000000000000000000
00000000000000000000
00000000000000000000
00000000000000000000
00000000000000000000
00000000000000000000
00000000000000010010
00000000000000000001
00000000000000010001
00000000000000001111
00000000000000000000
00000000000000000000
00000000000000000000
00000000000011000000
00000000000011000000
00000000000000000000
00000000000000010010
00000000000011010001
00000000000011001111
00000000000000000001
Глайдер:
00000000000000000000
00100100000000000000
00000010000000000000
00100010000000000000
00011110000000000000
00000000000000000000
00000000000000000000
00000000000000000000
00000000000000000000
00000000000000000000
00000000000000000000
00000000000000000000
00000000000000000000
00000000000000000000
00000000000000000000
00000000000000000000
00000000000000000000
00000000000000000000
00000000000000000000
00000000000000000000
